  671  29.10485822  41.07172012     94.028    130.444
  546  28.99568289  41.17323857    108.072    144.439
  495  28.79390388  41.09164120    126.034    162.778
  775  29.06111653  41.24568663     30.770     66.825
  612  28.85198677  41.21046012    112.728    149.303
  203  28.97545033  41.11792880     92.558    129.063
  668  28.92047610  41.14635401     31.372     67.936
  317  28.78681370  40.96490255      0.000     36.522
   78  28.75182733  41.07165999     98.190    134.939
  663  28.75943387  41.07568198     46.580     83.328
  370  28.95129706  41.05813647     28.326     64.887
  325  28.85599523  41.10646778    145.229    181.923
  550  28.93863595  41.22049436    148.039    184.432
  301  28.91312849  41.23304757    144.613    181.034
  379  29.06918721  41.10298061     51.629     88.036
  745  29.03804275  41.21243213    104.041    140.228
  300  29.05683044  41.01681513    137.484    173.962
  455  29.14036758  41.14584475    181.196    217.399
  679  28.91744169  41.09455109     41.329     77.938
   37  28.87090261  41.22373990    119.585    156.098
  523  28.80243916  41.12703356    172.049    208.810
  524  28.84810447  41.00650158     22.652     59.243
  383  28.75173543  41.02723987      8.338     45.008
  313  28.90148834  40.98718676     20.554     57.110
   29  28.95057312  41.19134967    133.411    169.833
  337  29.10034164  41.02399951    153.070    189.532
  270  29.10270935  41.10506602     30.889     67.259
  479  28.97006417  41.17160552    150.901    187.322
  228  28.93833482  41.17726449    118.220    154.694
    4  28.92606867  41.20629873    109.315    145.759
  522  28.90760070  41.11959354     23.837     60.452
  170  28.92738307  41.09762821     41.981     78.574
  381  28.91587093  41.00155189     26.549     63.114
  374  29.05178789  41.01342356     96.313    132.795
  328  29.09781457  41.17804263    130.337    166.498
  330  28.96883881  41.23346440     48.972     85.280
   54  29.11198855  41.00936251     87.869    124.348
  402  28.96412758  41.24448247     53.909     90.209
  137  29.11207894  41.13905125     82.604    118.874
  176  28.82434420  41.09238994    111.015    147.733
  617  28.83254183  40.98829772      4.700     41.264
  303  29.06313873  40.99359923     16.386     52.879
  340  28.94880335  41.02320521     69.852    106.407
  687  29.02726180  41.19052258    199.413    235.677
  355  29.13527219  41.18069989    132.223    168.302
  504  28.76398396  41.05224301     85.075    121.781
   18  28.95927743  41.04390246     68.529    105.080
  380  28.85497342  41.11811491    170.397    207.094
  514  29.11121455  41.11648361     62.678     99.014
  458  28.97466536  41.02130380      0.519     37.052
   27  28.86532360  41.03544187     98.895    135.515
  131  29.07608925  41.16269935     65.120    101.372
  653  28.81531039  41.17416144    143.001    179.708
  353  29.06337192  41.05895144    108.317    144.768
   38  28.92255573  41.10313231     26.084     62.684
  168  29.04366803  41.06549971      0.000     36.462
  159  28.80985969  40.97680500     34.400     70.945
  354  28.94301957  41.10296668     46.269     82.837
  299  28.81392049  41.03938504     48.062     84.714
  754  28.96665598  41.06835922     23.920     60.464
    2  28.76620718  41.08797121    110.686    147.448
   55  29.11708766  41.15856511     95.784    131.979
  615  28.88418224  41.11708546     79.049    115.703
  531  28.94129433  41.10062658     37.640     74.212
  413  28.83040586  41.16028054    155.144    191.849
  333  28.86390271  41.18575167    129.826    166.432
  742  28.94571813  41.18556874    143.561    180.004
  397  28.92305615  41.14350950     60.382     96.945
  637  28.77932254  40.97281946      0.000     36.543
  572  28.77511071  41.01187411     10.048     46.674
  606  28.77734286  41.01950853     44.256     80.894
  610  29.01148397  41.08699121    126.450    162.934
  542  28.91015851  41.12555451     37.308     73.915
  274  29.12503224  40.98477257    113.332    149.844
  111  28.92096457  41.21047876     81.070    117.517
  488  28.77227203  41.04962417     13.851     50.547
  503  29.12407454  41.03288386    137.225    173.675
   22  28.86016741  41.05223791     86.665    123.308
  344  29.13089598  41.14022250    118.082    154.320
   63  29.12628445  40.99269000    111.087    147.589
  780  28.82952055  41.05273485    117.126    153.790
  223  29.00312540  41.05302862     63.263     99.767
   32  28.97662578  41.16254079    140.161    176.588
  708  28.97137264  41.02532894     28.967     65.504
  144  28.85746880  41.21174192     86.731    123.294
  657  29.06685390  40.95922186      0.000     36.515
  378  28.83457629  41.10187932    107.654    144.370
  536  29.13945293  41.08103531     87.575    123.956
  664  29.07142235  41.01839329    145.861    182.333
  496  28.97578795  41.00743071     45.238     81.770
  676  28.92361633  41.13304377    111.972    148.547
   24  28.79370564  40.97994075     35.337     71.892
  282  29.03560980  41.08946047     92.687    129.142
  459  29.12633427  41.09859665    176.366    212.726
  528  28.76528495  41.00684263      0.000     36.622
  518  28.88620570  41.23269124    109.432    145.901
  394  28.79547739  41.03984062     94.592    131.255
   88  28.80802124  41.22106580    155.771    192.391
  430  28.96542792  41.17995683    109.041    145.454
  415  28.92655369  41.03343905     84.094    120.672
  334  28.98148871  41.10847286     55.720     92.227
  148  28.97901075  41.05172655     95.420    131.950
  628  29.11828460  41.06508362     98.060    134.476
  607  28.84279077  41.20309852    110.113    146.719
  567  28.81348975  41.01397969     19.060     55.672
   17  29.03382690  41.24272604     22.244     58.377
  674  28.88884106  41.15551824     29.830     66.441
  548  28.80751215  41.09176448    103.361    140.094
  315  29.07672391  41.05773442    105.814    142.257
  772  29.12637028  41.04023414    150.892    187.333
  215  29.03439751  41.19767909    162.768    198.999
  336  28.90524961  41.19346603    118.825    155.336
  248  28.89346980  41.04191715     49.568     86.177
  178  28.85327986  41.20311988     51.579     88.168
  599  29.13412503  41.07798404    124.531    160.920
  726  29.08197775  41.22118620    102.761    138.822
  310  29.09202389  41.02546569    150.812    187.274
  263  29.02926037  41.16142081     55.557     91.892
   58  29.12098467  40.93649337      7.026     43.565
  736  28.85105531  41.14942355    174.396    211.082
  346  28.87133791  41.23465738    112.859    149.348
  326  29.12356396  41.16593945    132.443    168.599
  456  28.85468773  41.04505031     60.753     97.391
  746  28.86324527  41.17596855     92.882    129.507
  305  28.76844782  41.05218234     62.902     99.605
  511  28.78672659  41.16338073    161.407    198.166
  604  29.11891963  41.02116607    141.785    178.250
  727  28.78590494  41.18818842    134.087    170.810
  348  28.77072809  41.17456435    129.019    165.783
  651  29.05607082  40.98958132     28.299     64.796
  659  28.94477618  41.11325927     84.718    121.276
  710  29.00098570  41.06511717    116.277    152.781
  622  28.90306836  41.13225804     73.294    109.907
  525  28.75597748  41.14042914    144.394    181.199
  490  28.97929951  41.06979317    113.956    150.485
  640  29.10263512  41.01623732    111.561    148.032
  424  28.84933734  41.24720273     82.917    119.413
  614  28.76332860  41.06508172     76.461    113.190
  453  28.94307986  41.07457537     23.199     59.772
  678  29.13717201  40.96169398    129.662    166.199
  372  29.08288492  40.99116037     18.146     54.642
  371  28.87790697  41.18729343     45.246     81.822
  611  29.04992602  41.05817613      0.000     36.460
  122  28.91637961  41.18594608     78.759    115.262
  555  29.13881625  40.93080451     36.780     73.325
  762  28.93657634  41.14616966     68.100    104.633
  443  29.11114919  41.14240983    125.688    161.950
  278  28.94532111  41.12674098    101.760    138.304
  718  29.00832309  41.10200870    100.245    136.722
  570  29.01734113  41.11950540    133.370    169.813
  416  29.14823662  41.15141308    211.517    247.685
  652  29.14377027  41.08340340    138.325    174.698
  116  29.00258307  41.18858234    218.573    254.892
  626  28.84560826  41.22846320     72.794    109.339
  454  29.09743286  41.11358405     49.990     86.348
  211  29.09965496  40.99895747     57.098     93.587
  267  29.02108440  41.09258880     66.546    103.015
  179  29.05793461  41.21243941    113.030    149.171
  739  28.96032824  41.18479419    105.202    141.616
  369  29.08778648  41.02386450    153.902    190.366
  391  29.03313242  41.00328625     19.474     55.969
  631  28.90001085  41.22223640    104.028    140.493
   35  28.92045500  41.06812277     47.765     84.365
  390  29.09883939  41.16122729     60.202     96.420
  398  29.11298963  41.07487534     74.173    110.580
  403  28.84933117  41.14646812    187.023    223.714
  571  29.07528631  41.09155307     68.745    105.161
  414  29.04945460  41.22083609    128.983    165.124
  123  28.84566577  41.24448802    112.069    148.576
    5  28.96883880  41.19697172    180.513    216.885
  688  29.00229040  41.21189741    180.512    216.783
  254  28.79976567  40.97077425     40.972     77.506
  212  28.76243477  41.17086925    153.709    190.487
  561  29.01280526  41.13822905    124.254    160.670
  702  28.98357731  41.24622695     67.783    104.036
  107  28.89182786  41.04477159     54.128     90.741
  396  29.11971403  41.04271632    131.600    168.040
  134  28.81118461  41.04496048     37.220     73.883
